     0  -183.01614
     1  -183.41751
     2  -184.34485
     3  -184.93647
     4  -185.32916
     5  -186.09088
     6  -186.09088
     7  -186.09088
     8  -186.09088
     9  -186.09088
    10  -186.09088
    11  -187.22843
    12  -187.99289
    13  -188.33957
    14  -188.96885
    15  -189.11427
    16  -189.85243
    17  -189.85243
    18  -190.22029
    19  -190.22029
    20  -190.49009
    21  -190.49009
    22  -190.64589
    23  -191.22397
    24  -191.95602
    25  -191.95602
    26  -191.93991
    27  -191.93991
    28  -191.93991
    29  -192.10914
    30  -192.49314
    31  -192.49314
    32  -192.49314
    33  -192.49314
    34  -192.49314
    35  -192.49314
    36  -192.49314
    37  -192.49314
    38  -192.49314
    39  -192.49314
    40  -192.99460
    41  -193.59297
    42  -193.59297
    43  -194.94184
    44  -196.07266
    45  -196.07266
    46  -197.39697
    47  -197.41251
    48  -198.01343
    49  -199.21574
    50  -199.21574
    51  -199.62469
    52  -199.62469
    53  -199.62469
    54  -199.62565
    55  -199.62565
    56  -200.04603
    57  -201.01588
    58  -201.01588
    59  -201.01588
    60  -201.21124
    61  -201.81744
    62  -201.81744
    63  -201.81744
    64  -202.05117
    65  -202.86469
    66  -202.86469
    67  -203.09563
    68  -204.16589
    69  -204.35163
    70  -204.35163
    71  -205.00657
    72  -205.31918
    73  -205.62078
    74  -205.62078
    75  -206.34268
    76  -206.34268
    77  -206.99892
    78  -206.99892
    79  -206.99892
    80  -207.66783
    81  -207.66783
    82  -207.66783
    83  -207.66783
    84  -207.66783
    85  -207.66783
    86  -207.91359
    87  -208.12276
    88  -209.28671
    89  -210.10825
    90  -210.57812
    91  -210.71172
    92  -211.32495
    93  -211.32495
    94  -211.87463
    95  -211.87463
    96  -212.98520
    97  -213.45783
    98  -213.97256
    99  -214.24438
   100  -215.20391
   101  -216.52792
   102  -216.62223
   103  -217.37184
   104  -217.37184
   105  -217.37184
   106  -218.19817
   107  -218.19817
   108  -219.23174
   109  -219.48238
   110  -220.40851
   111  -220.40851
   112  -220.48902
   113  -220.48902
   114  -221.62405
   115  -221.89081
   116  -222.13491
   117  -223.68078
   118  -223.68078
   119  -223.85075
   120  -223.85075
   121  -223.85075
   122  -223.89793
   123  -223.89793
   124  -224.50291
   125  -224.87177
   126  -226.21071
   127  -226.58965
   128  -226.99604
   129  -226.99604
   130  -226.99604
   131  -226.99604
   132  -226.99604
   133  -226.99604
   134  -226.99604
   135  -226.99604
   136  -226.99604
   137  -227.47256
   138  -227.47256
   139  -228.72627
   140  -228.72627
   141  -228.72627
   142  -228.72627
   143  -229.98547
   144  -229.98547
   145  -229.98547
   146  -229.98547
   147  -230.42781
   148  -231.85354
   149  -232.43280
   150  -234.38613
   151  -235.48175
   152  -235.48175
   153  -235.48175
   154  -236.53475
   155  -236.81747
   156  -236.81747
   157  -236.81747
   158  -236.81747
   159  -237.55096
   160  -237.55096
   161  -237.55096
   162  -238.25691
   163  -239.96023
   164  -239.96023
   165  -239.96023
   166  -240.25198
   167  -241.18570
   168  -241.18570
   169  -241.98187
   170  -241.98187
   171  -242.50864
   172  -242.94337
   173  -242.94337
   174  -242.94337
   175  -242.94337
   176  -243.16402
   177  -243.16402
   178  -243.16402
   179  -243.16402
   180  -243.69383
   181  -243.69383
   182  -243.93738
   183  -244.08893
   184  -244.08893
   185  -244.46941
   186  -244.46941
   187  -244.99033
   188  -245.65752
   189  -246.67434
   190  -246.67434
   191  -247.52431
   192  -247.52431
   193  -247.52431
   194  -247.99826
   195  -247.99826
   196  -247.99826
   197  -248.77032
   198  -249.41271
   199  -249.41271
   200  -249.41271
5.92496
